2017	2016	2015	2014	2013	2012	2011	2010
31.92	32.11	32.25	32.03	32.05	32.16	32.23	32.67
31.92	32.17	32.22	32.09	32.08	32.18	32.21	32.54
31.91	32.2	32.19	32.12	32.08	32.19	32.2	32.37
31.9	32.27	32.17	32.15	32.09	32.18	32.19	32.27
31.89	32.32	32.15	32.16	32.08	32.18	32.2	32.3
31.89	32.32	32.14	32.22	32.08	32.21	32.35	32.33
31.88	32.3	32.13	32.25	32.07	32.24	32.68	32.34
31.87	32.51	32.11	32.23	32.04	32.27	32.49	32.31
31.86	32.6	32.1	32.26	32.02	32.29	32.37	32.25
31.86	32.21	32.08	32.23	32.02	32.27	32.24	32.18
31.87	32.06	32.07	32.18	32.02	32.24	32.21	32.08
31.87	32.02	32.06	32.05	32.02	32.21	32.17	32.01
31.88	31.96	32.05	31.95	32.03	32.18	32.19	32.17
31.88	31.98	32.1	31.96	32.04	32.15	32.18	32.26
31.89	32.32	32.11	31.97	32.05	32.12	32.15	32.52
31.9	32.26	32.36	32.01	32.06	32.11	32.1	32.56
31.9	32.17	32.28	32.04	32.15	32.13	32.04	32.58
31.89	32.12	32.17	32.02	32.2	32.14	32.18	32.59
31.89	32.08	32.18	32.1	32.45	32.15	32.2	32.56
31.88	32.05	32.14	32.19	32.63	32.18	32.22	32.66
31.88	32.03	32.21	32.2	32.37	32.21	32.22	32.67
31.87	32	32.27	32.18	32.25	32.23	32.24	32.63
31.87	31.99	32.34	32.2	32.33	32.25	32.23	32.7
31.86	31.94	32.34	32.15	32.27	32.27	32.21	32.85
31.86	31.9	32.31	32.14	32.13	32.3	32.21	32.91
31.86	32	32.26	32.13	32.14	32.31	32.19	32.88
31.86	32.02	32.21	32.11	32.08	32.34	32.15	32.83
31.87	32.08	32.16	32.17	32.15	32.312	32.17	32.75
31.88	32.24	32.12	32.16	32.05	32.27	32.14	32.67
31.88	32.23	32.17	32.23	32.02	32.23	32.12	32.71
31.89	32.23	32.34	32.18	32	32.18	32.1	32.75
31.92	32.23	32.51	32.18	31.98	32.13	32.14	32.78
31.94	32.21	32.57	32.25	32.15	32.11	32.18	32.75
32.08	32.19	32.57	32.25	32.32	32.07	32.17	32.7
32.3	32.18	32.56	32.15	32.34	32.08	32.16	32.65
32.29	32.15	32.46	32.44	32.32	32.08	32.18	32.67
32.18	32.1	32.33	32.31	32.3	32.09	32.19	32.64
32.21	32.23	32.35	32.33	32.3	32.14	32.19	32.59
32.23	32.23	32.33	32.35	32.18	32.19	32.18	32.54
32.19	32.23	32.21	32.5	32.13	32.21	32.17	32.59
32.19	32.28	32.22	32.56	32.04	32.25	32.16	32.64
32.23	32.47	32.22	32.64	32.09	32.27	32.15	32.64
32.23	32.39	32.14	32.61	32.12	32.29	32.17	32.63
32.24	32.35	32.06	32.41	32.15	32.31	32.16	32.7
32.24	32.15	32.04	32.28	32.2	32.31	32.28	32.72
32.27	32.09	32.04	32.3	32.17	32.33	32.18	32.72
32.27	32.04	32.05	32.23	32.25	32.28	32.14	32.73
32.26	31.92	32.08	32.05	32.3	32.25	32.25	32.71
32.24	32.08	32.09	32.16	32.34	32.21	32.28	32.7
32.25	32.16	32.06	32.14	32.26	32.15	32.26	32.7
32.24	32.14	32.02	32.15	32.21	32.13	32.22	32.69
32.26	32.09	32.07	32.17	32.18	32.08	32.22	32.66
32.26	32.06	32.12	32.13	32.17	32.03	32.2	32.84
32.27	32.08	32.14	32.07	32.17	32.03	32.18	33.03
32.26	32.06	32.13	31.97	32.15	32.04	32.17	33.14
32.25	32.11	32.11	32.06	32.13	32.04	32.18	33.26
32.24	32.06	32.07	32.14	32.13	32.05	32.17	33.36
32.23	32.06	32.06	32.13	32.14	32.05	32.18	33.11
32.23	32.18	32.03	32.13	32.14	32.06	32.17	33.38
	32.2				32.07		
32.24	32.13	32	32.1	32.13	32.08	32.17	33.37
32.24	32.05	31.97	32.23	32.12	32.08	32.15	33.03
32.25	32.11	31.98	32.29	32.1	32.08	32.18	32.66
32.23	32.1	32.1	32.34	32.08	32.08	32.2	32.36
32.2	32.16	32.18	32.33	32.08	32.1	32.22	32.33
32.17	32.2	32.2	32.32	32.08	32.11	32.23	32.15
32.2	32.22	32.21	32.27	32.1	32.11	32.23	32.05
32.22	32.21	32.22	32.31	32.3	32.12	32.22	32.01
32.23	32.16	32.22	32.33	32.2	32.14	32.2	31.98
32.23	32.16	32.2	32.35	32.29	32.15	32.19	32.01
32.22	32.16	32.16	32.27	32.35	32.16	32.17	32.01
32.23	32.17	32.11	32.25	32.47	32.16	32.14	31.99
32.25	32.15	32.07	32.22	32.41	32.16	32.14	31.98
32.25	32.12	32.03	32.19	32.33	32.16	32.15	31.97
32.24	32.07	31.95	32.14	32.24	32.15	32.16	31.95
32.23	32.19	31.87	32.09	32.21	32.15	32.2	31.93
32.21	32.14	31.9	32.05	32.23	32.16	32.25	31.97
32.19	32.14	31.95	32.1	32.2	32.19	32.21	31.99
32.17	32.15	31.96	32.13	32.2	32.21	32.21	31.99
32.16	32.15	31.97	32.14	32.21	32.22	32.19	31.99
32.15	32.14	31.97	32.14	32.19	32.23	32.17	32
32.18	32.11	31.97	32.14	32.18	32.23	32.16	32
32.25	32.13	31.97	32.15	32.21	32.23	32.15	31.98
32.39	32.14	31.96	32.15	32.21	32.23	32.15	31.96
32.39	32.12	31.98	32.14	32.23	32.23	32.15	31.98
32.36	32.12	31.98	32.16	32.33	32.24	32.14	32.01
32.33	32.19	32.04	32.18	32.4	32.23	32.16	32.02
32.3	32.22	32.05	32.18	32.31	32.23	32.19	32.01
32.3	32.29	32.05	32.16	32.21	32.23	32.18	31.99
32.3	32.65	32.04	32.14	32.32	32.23	32.16	32.03
32.3	33.04	32.03	32.13	32.32	32.23	32.17	32.05
32.4	33	32.09	32.23	32.29	32.22	32.23	32.19
32.49	32.96	32.13	32.33	32.39	32.21	32.28	32.27
32.54	32.91	32.17	32.42	32.57	32.2	32.33	32.4
32.61	32.98	32.2	32.48	32.79	32.21	32.37	32.54
32.68	32.99	32.23	32.53	32.99	32.22	32.42	32.64
32.76	32.93	32.25	32.56	33.12	32.22	32.46	32.76
32.84	32.95	32.27	32.59	33.18	32.23	32.5	32.88
32.9	32.95	32.32	32.65	33.26	32.25	32.53	33.02
32.96	32.9	32.35	32.71	33.42	32.25	32.56	33.14
33.01	32.88	32.42	32.8	33.54	32.26	32.59	33.23
33.05	32.95	32.48	32.88	33.72	32.28	32.62	33.31
33.09	32.96	32.53	32.95	34.07	32.31	32.64	33.38
33.12	32.96	32.56	33.02	34.21	32.36	32.66	33.44
33.15	32.89	32.59	33.07	34.26	32.42	32.67	33.48
33.17	32.85	32.63	33.14	34.28	32.5	32.69	33.51
33.19	32.97	32.67	33.17	34.25	32.57	32.69	33.55
33.21	33.3	32.72	33.21	34.25	32.59	32.69	33.58
33.22	33.39	32.75	33.25	34.22	32.65	32.69	33.61
33.23	33.27	32.78	33.28	34.23	32.84	32.73	33.64
33.25	33.23	32.81	33.31	34.22	33.01	32.82	33.65
33.28	33.26	32.84	33.34	34.19	33.12	32.91	33.65
33.31	33.22	32.88	33.39	34.14	33.23	32.99	33.71
33.33	33.14	32.9	33.44	34.09	33.32	33.11	33.77
33.35	33.14	32.93	33.5	34.09	33.41	33.37	33.84
33.36	33.12	32.98	33.52	34.06	33.49	33.47	33.89
33.39	33.19	33.07	33.56	34.04	33.62	33.55	33.94
33.4	33.21	33.17	33.59	34.06	33.72	33.62	33.98
33.42	33.22	33.3	33.62	34.06	33.82	33.67	34.01
33.44	33.22	33.37	33.63	34.06	33.9	33.7	34.04
33.47	33.17	33.42	33.68	34.02	33.97	33.74	34.06
33.51	33.22	33.49	33.74	34.06	34.04	33.78	34.09
33.53	33.26	33.55	33.78	34.11	34.11	33.81	34.11
33.56	33.32	33.61	33.82	34.18	34.18	33.84	34.15
33.58	33.37	33.68	33.86	34.24	34.28	33.87	34.18
33.6	33.41	33.78	33.89	34.28	34.49	33.89	34.2
33.63	33.43	33.84	33.92	34.31	34.68	33.91	34.22
33.65	33.49	33.9	33.95	34.35	34.73	33.93	34.23
33.67	33.53	33.98	33.98	34.4	34.73	33.96	34.25
33.68	33.56	34.05	33.99	34.45	34.75	34	34.29
33.7	33.65	34.1	34.02	34.5	34.76	34.02	34.35
33.74	33.77	34.14	34.05	34.52	34.74	34.03	34.43
33.78	33.88	34.17	34.08	34.53	34.72	34.03	34.49
33.85	34	34.21	34.1	34.53	34.68	34.04	34.5
33.9	34.1	34.26	34.12	34.53	34.63	34.05	34.51
33.95	34.21	34.28	34.14	34.55	34.61	34.06	34.53
33.98	34.3	34.31	34.15	34.53	34.61	34.07	34.55
34.01	34.38	34.34	34.15	34.54	34.59	34.07	34.56
34.04	34.45	34.37	34.15	34.57	34.58	34.06	34.57
34.06	34.49	34.38	34.15	34.61	34.58	34.05	34.57
34.08	34.53	34.4	34.16	34.64	34.59	34.06	34.57
34.09	34.56	34.43	34.19	34.62	34.58	34.08	34.56
34.11	34.64	34.46	34.22	34.58	34.61	34.09	34.56
34.12	34.69	34.47	34.3	34.59	34.65	34.1	34.55
34.13	34.68	34.47	34.35	34.59	34.67	34.1	34.54
34.13	34.68	34.47	34.39	34.59	34.69	34.09	34.54
34.14	34.68	34.47	34.42	34.59	34.71	34.1	34.54
34.17	34.66	34.48	34.44	34.59	34.73	34.1	34.57
34.18	34.66	34.49	34.45	34.59	34.75	34.1	34.61
34.19	34.69	34.49	34.45	34.58	34.7	34.1	34.63
34.22	34.69	34.49	34.47	34.63	34.64	34.1	34.64
34.23	34.69	34.49	34.49	34.67	34.65	34.12	34.65
34.24	34.67	34.5	34.51	34.7	34.65	34.12	34.66
34.24	34.64	34.51	34.52	34.73	34.65	34.12	34.68
34.24	34.67	34.5	34.53	34.76	34.65	34.12	34.69
34.24	34.68	34.5	34.55	34.74	34.65	34.11	34.69
34.24	34.69	34.5	34.56	34.72	34.65	34.1	34.7
34.25	34.7	34.5	34.58	34.69	34.64	34.1	34.7
34.25	34.7	34.5	34.61	34.67	34.65	34.11	34.71
34.24	34.7	34.5	34.63	34.65	34.65	34.11	34.71
34.24	34.7	34.5	34.65	34.64	34.65	34.11	34.78
34.24	34.7	34.49	34.67	34.62	34.64	34.11	34.91
34.23	34.69	34.49	34.69	34.6	34.64	34.1	35
34.23	34.68	34.49	34.7	34.61	34.64	34.09	34.91
34.22	34.67	34.48	34.71	34.63	34.65	34.08	34.83
34.22	34.66	34.48	34.71	34.65	34.63	34.07	34.94
34.21	34.66	34.47	34.71	34.66	34.612	34.06	34.98
34.2	34.69	34.47	34.71	34.66	34.65	34.06	34.97
34.19	34.73	34.46	34.7	34.67	34.68	34.05	34.96
34.18	34.74	34.45	34.69	34.71	34.72	34.05	34.95
34.17	34.74	34.45	34.68	34.69	34.72	34.04	34.98
34.16	34.73	34.44	34.67	34.69	34.72	34.03	34.99
34.14	34.73	34.43	34.66	34.69	34.73	34.02	35
34.12	34.68	34.41	34.66	34.68	34.74	34.01	34.99
34.11	34.66	34.39	34.66	34.65	34.74	34	34.98
34.09	34.64	34.38	34.68	34.62	34.75	33.98	34.96
34.08	34.62	34.37	34.71	34.63	34.75	33.95	34.94
34.06	34.6	34.35	34.71	34.64	34.74	33.92	34.95
34.04	34.57	34.33	34.71	34.64	34.73	33.9	34.98
34.04	34.56	34.31	34.71	34.63	34.73	33.88	34.99
34.05	34.55	34.29	34.72	34.68	34.72	33.86	34.98
34.06	34.54	34.28	34.72	34.65	34.71	33.84	34.98
34.07	34.54	34.26	34.72	34.65	34.7	33.82	34.96
34.06	34.53	34.24	34.72	34.63	34.69	33.78	34.96
34.05	34.53	34.22	34.72	34.63	34.68	33.74	34.98
34.04	34.52	34.2	34.72	34.63	34.66	33.71	34.97
34.03	34.51	34.18	34.72	34.63	34.66	33.68	34.97
34.02	34.5	34.15	34.75	34.63	34.65	33.67	34.96
34	34.49	34.13	34.77	34.63	34.64	33.66	34.94
33.99	34.47	34.11	34.76	34.62	34.64	33.63	34.94
33.98	34.45	34.09	34.76	34.61	34.63	33.61	34.96
33.97	34.43	34.06	34.76	34.59	34.62	33.59	34.95
33.96	34.42	34.04	34.75	34.57	34.61	33.58	34.94
33.95	34.4	34.02	34.74	34.55	34.6	33.56	34.93
33.93	34.38	33.99	34.73	34.54	34.58	33.54	34.92
33.91	34.35	33.96	34.72	34.53	34.57	33.52	34.92
33.89	34.32	33.93	34.71	34.52	34.55	33.49	34.91
33.85	34.29	33.9	34.7	34.49	34.54	33.47	34.9
33.81	34.26	33.87	34.69	34.48	34.52	33.46	34.89
33.76	34.23	33.84	34.68	34.45	34.49	33.44	34.88
33.73	34.2	33.81	34.7	34.43	34.47	33.43	34.86
33.71	34.17	33.78	34.71	34.41	34.45	33.41	34.82
33.69	34.14	33.76	34.72	34.39	34.44	33.39	34.75
33.67	34.11	33.74	34.72	34.37	34.42	33.37	34.72
33.64	34.09	33.71	34.72	34.36	34.4	33.36	34.68
33.62	34.06	33.68	34.71	34.34	34.37	33.34	34.66
33.6	34.03	33.66	34.7	34.33	34.34	33.32	34.64
33.58	34	33.63	34.69	34.32	34.31	33.31	34.62
33.56	33.97	33.6	34.67	34.3	34.28	33.3	34.6
33.53	33.94	33.57	34.65	34.28	34.26	33.28	34.59
33.5	33.91	33.54	34.64	34.26	34.23	33.26	34.57
33.47	33.88	33.52	34.62	34.24	34.2	33.23	34.55
33.43	33.85	33.49	34.6	34.21	34.17	33.2	34.53
33.4	33.82	33.46	34.58	34.2	34.14	33.17	34.51
33.37	33.79	33.43	34.57	34.19	34.11	33.14	34.49
33.34	33.76	33.4	34.56	34.17	34.09	33.12	34.47
33.31	33.73	33.37	34.57	34.15	34.06	33.09	34.45
33.28	33.7	33.34	34.54	34.12	34.04	33.07	34.43
33.25	33.67	33.31	34.51	34.09	34.01	33.05	34.41
33.22	33.63	33.28	34.49	34.09	33.99	33.03	34.39
33.18	33.6	33.25	34.47	34.07	33.96	33	34.37
33.15	33.57	33.22	34.46	34.05	33.93	32.98	34.35
33.12	33.54	33.19	34.46	34.03	33.9	32.95	34.33
33.09	33.5	33.16	34.46	34	33.86	32.92	34.3
33.05	33.47	33.13	34.45	33.98	33.83	32.89	34.27
33.02	33.43	33.11	34.44	33.95	33.8	32.86	34.25
32.99	33.4	33.14	34.42	33.92	33.77	32.83	34.23
32.96	33.37	33.14	34.4	33.9	33.76	32.82	34.2
32.93	33.34	33.12	34.38	33.88	33.75	32.8	34.17
32.9	33.3	33.1	34.36	33.85	33.72	32.77	34.15
32.87	33.29	33.09	34.34	33.82	33.69	32.74	34.12
32.83	33.26	33.08	34.32	33.8	33.66	32.71	34.09
32.79	33.23	33.05	34.3	33.76	33.63	32.68	34.06
32.76	33.21	33.03	34.28	33.73	33.6	32.65	34.03
32.72	33.18	33.01	34.27	33.7	33.57	32.63	34
32.68	33.14	32.99	34.25	33.67	33.54	32.62	33.97
32.64	33.11	32.97	34.23	33.64	33.51	32.6	33.95
32.61	33.1	32.95	34.21	33.61	33.49	32.57	33.92
32.57	33.07	32.93	34.2	33.58	33.47	32.55	33.89
32.54	33.04	32.99	34.19	33.55	33.43	32.53	33.86
32.53	33.01	33.08	34.18	33.52	33.4	32.51	33.84
32.5	32.99	33.2	34.18	33.49	33.37	32.49	33.82
32.47	32.96	33.2	34.16	33.45	33.34	32.46	33.8
32.44	32.93	33.21	34.14	33.41	33.31	32.43	33.77
32.4	32.9	33.23	34.12	33.37	33.28	32.42	33.73
32.36	32.86	33.22	34.1	33.34	33.25	32.4	33.7
32.33	32.83	33.22	34.07	33.3	33.21	32.38	33.67
32.31	32.79	33.21	34.05	33.27	33.18	32.36	33.64
32.27	32.76	33.19	34.04	33.24	33.14	32.35	33.61
32.24	32.73	33.17	34.02	33.21	33.1	32.33	33.58
32.21	32.7	33.16	34.01	33.18	33.06	32.31	33.58
32.17	32.67	33.14	34.01	33.14	33.02	32.28	33.57
32.14	32.64	33.12	34	33.11	32.98	32.25	33.54
32.12	32.61	33.1	33.99	33.08	32.94	32.22	33.51
32.09	32.58	33.09	33.97	33.04	32.9	32.19	33.48
32.07	32.55	33.07	33.96	33	32.86	32.16	33.45
32.03	32.54	33.06	33.93	32.96	32.82	32.14	33.42
31.99	32.61	33.05	33.9	32.93	32.79	32.11	33.39
31.95	32.65	33.05	33.88	32.9	32.76	32.09	33.36
31.91	32.66	33.09	33.88	32.86	32.72	32.06	33.32
31.87	32.66	33.12	33.88	32.83	32.69	32.03	33.29
31.84	32.65	33.13	33.87	32.8	32.65	32	33.26
31.81	32.64	33.13	33.87	32.76	32.61	31.97	33.23
31.78	32.62	33.12	33.87	32.73	32.57	31.95	33.2
31.74	32.6	33.11	33.87	32.7	32.53	31.92	33.16
31.72	32.58	33.1	33.87	32.67	32.49	31.89	33.12
31.69	32.56	33.09	33.85	32.63	32.46	31.86	33.08
31.66	32.55	33.08	33.82	32.59	32.45	31.83	33.04
31.63	32.55	33.07	33.8	32.56	32.43	31.8	33.02
31.59	32.54	33.06	33.79	32.53	32.43	31.77	33
31.56	32.52	33.05	33.76	32.5	32.42	31.73	32.97
31.53	32.51	33.03	33.73	32.51	32.4	31.69	32.94
31.49	32.49	33.01	33.7	32.49	32.37	31.66	32.9
31.45	32.47	32.99	33.67	32.47	32.34	31.63	32.88
31.42	32.46	32.97	33.64	32.44	32.31	31.6	32.85
31.39	32.44	32.95	33.62	32.41	32.27	31.56	32.82
31.36	32.42	32.92	33.6	32.4	32.24	31.53	32.82
31.33	32.4	32.89	33.58	32.4	32.21	31.49	32.97
31.29	32.37	32.87	33.56	32.4	32.18	31.46	33
31.26	32.35	33.04	33.55	32.38	32.15	31.43	33.08
31.22	32.32	33.07	33.53	32.36	32.12	31.39	33.13
31.19	32.29	33.03	33.52	32.34	32.08	31.36	33.14
31.15	32.26	32.98	33.45	32.31	32.05	31.33	33.3
31.12	32.24	32.86	33.39	32.28	32.02	31.3	33.41
31.08	32.22	32.74	33.31	32.25	32	31.26	33.44
31.04	32.2	32.67	33.22	32.22	32.01	31.22	33.46
31.01	32.19	32.58	33.13	32.19	31.99	31.19	33.47
30.97	32.17	32.51	33.06	32.17	31.96	31.15	33.48
30.93	32.16	32.49	32.98	32.16	31.95	31.12	33.48
30.89	32.15	32.49	32.9	32.18	31.94	31.09	33.48
30.87	32.13	32.49	32.87	32.19	31.94	31.05	33.47
30.84	32.12	32.49	32.81	32.18	31.96	31.01	33.47
30.81	32.11	32.48	32.75	32.26	31.98	30.97	33.46
30.78	32.09	32.52	32.68	32.29	31.97	30.96	33.46
30.76	32.08	32.49	32.6	32.31	31.95	30.93	33.45
30.73	32.06	32.44	32.53	32.58	31.92	30.89	33.44
30.7	32.07	32.4	32.44	32.8	31.9	30.85	33.42
30.67	32.08	32.33	32.4	32.76	31.88	30.9	33.39
30.63	32.07	32.27	32.37	32.86	31.87	30.97	33.38
30.6	32.06	32.22	32.33	32.88	31.84	30.97	33.37
30.56	32.05	32.19	32.3	32.79	31.82	31.1	33.28
30.52	32.04	32.16	32.26	32.73	31.79	31.22	33.16
30.49	32.03	32.13	32.23	32.72	31.76	31.25	33.03
30.46	32.02	32.1	32.21	32.55	31.73	31.24	33.01
30.42	32.01	32.08	32.17	32.38	31.72	31.23	32.99
30.39	32	32.05	32.15	32.27	31.69	31.26	33.08
30.36	31.99	32.03	32.13	32.22	31.68	31.26	33.11
30.34	31.96	32	32.11	32.27	31.7	31.28	33.08
30.31	31.95	31.97	32.24	32.24	31.75	31.43	32.97
30.29	31.95	31.93	32.29	32.31	31.77	31.53	32.81
30.27	31.96	31.89	32.29	32.33	31.79	31.61	32.63
30.25	31.97	31.86	32.28	32.3	31.8	31.64	32.47
30.23	31.98	31.83	32.25	32.36	31.78	31.66	32.32
30.21	32	31.81	32.26	32.38	31.8	31.66	32.26
30.19	32.02	31.79	32.28	32.33	31.83	31.69	32.34
30.17	32.03	31.77	32.29	32.27	31.89	31.74	32.33
30.15	32.02	31.75	32.34	32.24	31.96	31.88	32.27
30.13	32.04	31.74	32.32	32.19	31.99	31.93	32.17
30.11	32.05	31.73	32.38	32.14	32	31.97	32.4
30.09	32.04	31.72	32.51	32.09	31.99	32.01	32.79
30.06	32.03	31.7	32.62	32.07	31.99	32.04	32.88
30.04	32.02	31.68	32.71	32.05	32	32.08	32.82
30.01	32.01	31.66	32.67	32.03	32.1	32.11	32.76
29.98	32	31.65	32.61	32.02	32.14	32.12	32.54
29.96	32.02	31.64	32.54	32.03	32.15	32.14	32.4
29.93	32.1	31.66	32.46	32.01	32.21	32.16	32.43
29.9	32.17	31.69	32.4	32	32.26	32.24	32.73
29.87	32.08	31.78	32.49	31.99	32.28	32.34	32.74
29.84	32.02	31.78	32.74	31.97	32.3	32.42	32.67
29.84	31.99	31.82	32.7	31.95	32.32	32.47	32.51
29.83	31.94	31.85	32.63	31.93	32.34	32.44	32.34
29.8	31.9	31.88	32.55	31.9	32.41	32.4	32.27
29.78	31.86	31.92	32.41	31.88	32.44	32.36	32.37
29.75	31.86	31.95	32.44	31.86	32.47	32.29	32.44
29.73	31.87	31.98	32.42	31.85	32.47	32.26	32.38
29.72	31.87	31.98	32.4	31.84	32.57	32.21	32.31
29.71	31.88	31.99	32.37	31.84	32.48	32.26	32.25
29.7	31.88	32	32.34	31.83	32.32	32.3	32.26
29.68	31.88	32	32.32	31.83	32.29	32.3	32.23
29.66	31.88	32.03	32.29	31.82	32.31	32.28	32.16
29.64	31.87	32.04	32.25	31.82	32.3	32.3	32.27
29.62	31.87	32.04	32.2	31.82	32.28	32.29	32.44
29.62	31.86	32.05	32.18	31.81	32.27	32.28	32.7
29.64	31.86	32.05	32.16	31.81	32.25	32.26	33.18
29.67	31.86	32.05	32.15	31.8	32.21	32.25	33.08
30.04	31.85	32.05	32.14	31.79	32.19	32.25	32.84
30.34	31.85	32.05	32.12	31.78	32.16	32.23	32.59
30.47	31.85	32.05	32.2	31.78	32.14	32.2	32.36
30.57	31.85	32.05	32.36	31.79	32.18	32.22	32.28
30.66	31.87	32.07	32.4	31.79	32.36	32.22	32.21
30.75	31.9	32.1	32.49	31.78	32.32	32.21	32.16
30.81	31.96	32.11	32.68	31.79	32.26	32.33	32.09
30.85	31.98	32.14	32.77	31.79	32.18	32.4	32.13
30.89	31.98	32.16	32.73	31.84	32.21	32.46	32.13
30.92	31.98	32.21	32.66	31.86	32.27	32.47	32.11
30.95	31.98	32.25	32.6	31.85	32.24	32.49	32.08
30.97	31.99	32.22	32.54	31.84	32.18	32.51	32.03
30.99	31.98	32.19	32.43	31.81	32.11	32.47	32.1
31	31.98	32.16	32.36	31.89	32.05	32.44	32.13
31.01	31.98	32.11	32.3	32.24	32.04	32.4	32.13
31.06	31.97	32.08	32.25	32.38	32.01	32.35	32.09
31.12	31.97	32.07	32.24	32.26	31.96	32.3	32.02
31.23	31.96	32.03	32.26	32.22	31.96	32.26	32.08
31.35	31.95	32.08	32.29	32.18	31.98	32.25	32.16
31.43	31.94	32.05	32.28	32.11	32.01	32.22	32.2
31.5	31.93	32.1	32.27	32.05	32.01	32.19	32.22
